[array([[552., 376.],
       [552., 412.],
       [557., 448.],
       [567., 484.],
       [582., 520.],
       [603., 550.],
       [623., 566.],
       [649., 576.],
       [695., 586.],
       [741., 576.],
       [767., 561.],
       [787., 540.],
       [808., 509.],
       [818., 474.],
       [823., 443.],
       [828., 407.],
       [823., 366.],
       [577., 330.],
       [593., 320.],
       [613., 315.],
       [634., 315.],
       [654., 315.],
       [726., 315.],
       [746., 310.],
       [767., 310.],
       [787., 315.],
       [803., 325.],
       [690., 361.],
       [695., 381.],
       [695., 407.],
       [695., 427.],
       [669., 448.],
       [680., 448.],
       [695., 453.],
       [710., 448.],
       [721., 443.],
       [603., 361.],
       [618., 351.],
       [634., 351.],
       [654., 361.],
       [639., 366.],
       [618., 366.],
       [726., 361.],
       [746., 351.],
       [762., 346.],
       [777., 356.],
       [762., 361.],
       [746., 366.],
       [644., 499.],
       [664., 489.],
       [685., 479.],
       [695., 484.],
       [705., 479.],
       [731., 484.],
       [746., 494.],
       [726., 504.],
       [710., 515.],
       [695., 515.],
       [680., 515.],
       [664., 509.],
       [649., 499.],
       [680., 494.],
       [695., 494.],
       [710., 494.],
       [741., 494.],
       [710., 494.],
       [695., 494.],
       [680., 494.]], dtype=float32)]